139801.010
67610.260
191606.798
254186.568
16.000
52452.668
58.020
201015.288
108709.832
50934.446
148531.664
672.560
96571.042
221364.310
83557.224
184391.134
111951.924
253220.456
417662.202
312805.588
47986.240
226867.798
185630.860
101514.078
219235.964
120937.318
121606.800
118912.880
230303.018
365136.148
3385.768
133154.768
459013.408
115442.964
2.016
332197.220
12.010
168539.458
110726.476
57006.690
51625.760
132606.226
242439.318
52136.208
74141.018
215326.860
181354.640
152022.510
121856.870
255387.398
647075.890
70582.770
10000.000
145679.184
482660.262
145582.290
276824.104
224748.468
235067.434
197021.658
117966.348
422475.626
141673.128
265578.168
14.010
146516.046
14001.008
195531.898
28.010
109221.960
266623.016
87312.000
119777.008
101282.286
116150.602
222612.232
3019.882
167710.300
187307.284
146392.426
72.040
169034.842
148795.920
8068.768
16.000
287797.390
86398.010
357990.872
239135.586
225979.614
487832.478
344274.196
132129.358
73102.682
101019.078
25501.018
282511.858
143500.568
113823.592
128696.868