1234 4567
1234 4567
4567 4321
4322 4567
4321 1234
4321 1234
1345 2584
2584 683
2584 1345
683 1345
683 1345
2584 683
1 2
2 1
3 1
2 2
1 2
3 3
3 2
1 1
1 1
3 2
2 3
3 1
1 2
3 1
3 1
3 3
3 2
3 2
3 1
2 1
1 3
2 2
3 2
2 3
2 1
1 2
3 1
3 1
2 3
3 3
3 3
1 1
2 3
3 3
2 2
2 3
2 2
3 1
1 2
2 2
1 2
3 3
1 1
1 3
2 3
2 1
1 1
2 3
1 2
1 2
1 2
1 3
3 1
2 2
1 3
2 2
1 1
2 2
2 2
1 2
3 3
2 1
3 3
3 3
1 1
3 3
3 3
3 2
3 2
2 2
3 3
2 2
3 1
2 3
3 1
1 3
3 2
2 3
3 3
2 2
3 1
1 1
3 2
2 1
3 2
3 1
2 3
1 1
1 2
3 3
3 3
2 2
1 3
2 1
3 1
2 1
3 2
2 3
3 2
1 3
1 3
2 1
1 3
1 1
3 2
3 2
3 2
1 1
2 3
1 3
1 2
1 3
2 3
2 2
2 2
2 3
3 3
2 1
1 1
3 3
1324 2341
5 7
7 5
2 6
6 2
1324 2341
5 1
1 5
2 5
1 2
5 2
2 1